10030328
10227606
10364511
10375143
10629360
10674993
1086053
11155109
11236824
11311335
11838883
12143075
12394646
12409046
12615642
12663871
12714265
13991292
14563449
14656023
14741429
14958054
14991353
15075502
15301124
15686960
15759822
16280685
16760830
16843497
16866919
16889103
16988797
17052803
17062556
17068171
17188679
17279093
17395433
17540481
17802940
17827418
17981728
18166335
18789764
18826993
18855175
18990131
19235447
19376246
19442877
19455393
19484607
19501722
19576269
19865478
20018236
20021334
20181435
20329590
20389137
20817920
20884824
20938631
20971712
20975015
21116047
21226789
21286925
21297263
2166783
21674591
21812651
22127030
22150925
22407663
22662729
22743812
22795617
2292048
23436051
23558082
2362185
23787697
23800829
23848267
2384871
24194057
24356982
2441141
24507463
24590859
24771276
24969686
2504231
2504232
25383639
25434514
25521175
25613101
25620700
25642988
25853424
26077183
26154857
26554322
2656753
2657485
2727376
2754612
2782472
2831805
2884783
2892894
2927269
2961821
2963585
2981429
2994791
3014994
3016903
3035156
3061334
3096611
3137767
3296948
3402894
3434202
3471203
3517602
3522010
3561770
3661770
3687390
3721833
3729308
379682
3841266
3874617
3955114
4008935
4559710
4775899
5122132
5710160
6116411
6164237
6211017
6217773
6381655
6457579
6583315
6607587
6671858
667780
6859040
6950666
7020426
7104420
7185841
7190246
7283404
7477733
7487688
7625974
7717459
7775150
8232919
8232920
8239291
8256555
85165
8521621
8610165
8676751
8754077
8908424
8939193
9058765
9325475
9358874
9543786
9603681
9789075
